assets/css/common_style.css
  h_53dad1e32c3c71 3,9,852,1201,1249,1797,1800,1803,1806,1809,1812,1815,1818,1821,1824,1827,1831,1834,1837,1840,1843,1846,1849,1852,1855,1858,1861,1864,1867,1870,1873,1876,1879,1882,1885,1889,1892,1895,1898,1901,1904,1907,1910,1913,1916,1919,1922,1925,1928,1931,1934,1937,1941,1944,1947,1950,1953,1956,1959,1962,1965,1968,1971,1974,1978,1981,1984,1987,1990,1993,1996,1999,2002,2005,2008,2011,2014,2017,2020,2023,2026,2029,2032,2035,2038,2041,2044,2047,2050,2053,2056,2059,2062,2065,2068,2071,2074,2077,2080,2083,2086,2089,2092,2095,2098,2101,2104,2107,2110,2113,2116,2119,2122,2125,2128,2131,2134,2137,2140,2143,2146,2149,2152,2155,2158,2161,2164,2167,2170,2173,2176,2180,2183,2186,2189,2192,2195,2198,2201,2204,2207,2210,2213,2216,2219,2222,2225,2228,2231,2234,2237,2240,2243,2246,2249,2252,2255,2258,2261,2264,2267,2270,2273,2276,2279,2282,2285,2288,2291,2294,2297,2300,2303,2306,2309,2312,2315,2318,2321,2324,2327,2330,2333,2336,2339,2342,2345,2348,2351,2354,2357,2360,2363,2366,2369,2372,2375,2378,2381,2384,2387,2390,2393,2396,2399,2402,2405,2408,2411,2414,2417,2420,2423,2426,2429,2432,2435,2438,2441,2444,2447,2450,2453,2456,2459,2462,2465,2468,2471,2474,2477,2480,2484,2488,2491,2494,2498,2501,2504,2507,2510,2513,2516,2519,2522,2525,2528,2531,2534,2537,2540,2543,2546,2549,2552,2555,2558,2561,2564,2567,2570,2573,2576,2579,2582,2585,2588,2591,2594,2597,2600,2603,2606,2609,2612,2615,2618,2621,2624,2627,2630,2633,2636,2640,2643,2646,2649,2652,2655,2658,2661,2664,2667,2670,2673,2676,2679,2682,2685,2688,2691,2694,2697,2700,2703,2706,2709,2712,2715,2718,2721,2724,2727,2730,2733,2736,2739,2742,2745,2748,2751,2754,2757,2760,2763,2766,2769,2772,2775,2778,2781,2784,2787,2790,2793,2796,2799,2802,2807,2810,2813,2816,2819,2822,2825,2828,2831,2834,2837,2840,2843,2846,2849,2852,2855,2858,2861,2864,2867,2870,2873,2876,2879,2882,2885,2888,2891,2894,2897,2900,2903,2906,2909,2912,2915,2918,2921,2924,2927,2930,2933,2936,2939,2942,2945,2948,2951,2954,2957,2960,2963,2966,2969,2972,2975,2978,2981,2984,2987,2990,2993,2996,2999,3002,3005,3008,3011,3014,3017,3020,3023,3026,3029,3032,3035,3038,3041,3044,3047,3050,3053,3056,3059,3062,3065,3068,3071,3074,3077,3080,3083,3086,3089,3092,3095,3098,3101,3104,3107,3110,3113,3116,3119,3122,3125,3128,3131,3134,3137,3140,3143,3146,3149,3152,3155,3158,3161,3164,3167,3170,3173,3176,3179,3182,3185,3188,3192,3196,3199,3202,3205,3210,3216,3222,3225,3228,3231,3234,3237,3240,3243,3246,3249,3252,3255,3258,3261,3264,3267,3270,3273,3276,3279,3282,3285,3288,3291,3294,3297,3300,3303,3306,3309,3312,3315,3318,3321,3324,3327,3330,3333,3336,3339,3342,3345,3348,3351,3354,3357,3360,3363,3366,3369,3372,3375,3378,3381,3384,3387,3390,3393,3396,3399,3402,3405,3408,3411,3414,3417,3420,3423,3426,3429,3432,3435,3438,3441,3444,3447,3450,3453,3456,3459,3462,3465,3468,3471,3475,3479,3483,3487,3491,3495,3499,3503,3506,3509,3512,3515,3518,3521,3524,3527,3530,3533,3536,3539,3542,3545,3548,3551,3554,3557,3560,3563,3566,3569,3572,3575,3578,3581,3584,3587,3590,3593,3596,3599,3602,3606,3609,3612,3615,3618,3621,3624,3627,3630,3633,3636,3639,3642,3645,3648,3651,3654,3657,3660,3663,3666,3669,3673,3676,3679,3683,3687,3691,3695,3699,3703,3707,3711,3715,3719,3723,3727,3731,3735,3739,3743,3747,3751,3755,3759,3763,3767,3771,3775,3779,3783,3787,3791,3795,3799,3803,3807,3811,3815,3819,3823,3827,3831,3835,3839,3843,3848,3851,3854,3857,3860,3863,3867,3870,3875,3878,3881,3886,3890,3895,3900,3905,3910,3913,3916,3919,3922,3925,3928,3931,3934,3937,3940,3943,3946,6522
---
{
  "schema_version": "authorship/3.0.0",
  "git_ai_version": "1.5.3",
  "base_commit_sha": "efc0c6ac1f187a148237570ef6914ad6b3e836f8",
  "prompts": {},
  "humans": {
    "h_53dad1e32c3c71": {
      "author": "yuremono <5alviaofficinali50@gmail.com>"
    }
  }
}